1407
1334
1647
1457
1626
1927
1966
1826
1605
1568
1892
1865
1767
1794
1263
1683
1551
1342
1916
1674
1730
1799
1412
1878
1663
1349
1693
1371
1850
1742
1734
832
747
1264
1884
1873
2006
1660
1894
1536
1621
1354
761
1532
1770
1965
1977
1571
1832
1968
1804
1819
1535
1910
2008
1816
1267
1997
1758
2007
2001
1186
1895
1849
1733
1848
1588
1301
443
1279
1589
1958
901
1708
1931
1276
1560
1300
1830
1285
1692
1926
1466
1383
1661
1400
715
1633
1784
1800
1379
1970
1291
1827
184
1559
1321
1786
1544
1394
1444
1806
1749
1866
1432
1893
1820
1982
1577
1668
1609
1548
1555
1345
1615
1998
1924
1386
1658
1456
1236
1807
68
1905
1448
1722
1973
1918
1913
1337
1304
1346
1902
1928
1711
1606
1399
196
1574
1281
1295
1736
1395
2002
1452
1659
1645
1990
1564
1415
1994
1783
1366
1419
1592
1653
1305
1915
1796
1593
1470
1404
1697
1540
1899
1962
1695
1573
1852
510
1602
1888
1939
1842
1978
271
1725
1293
1876
1440
1696
1643
1955
1688
1664
1630
1716
1780
1449
1617
1316
1798
1949
1721
1959
1627
1940
1976
1774
1528